22
31
32
42
58
63
95
96
110
111
125
136
140
155
157
163
179
185
200
202
247
249
259
268
274
277
296
301
320
323
325
341
353
372
383
397
399
416
419
419
419
424
431
434
454
455
457
467
486
513
520
534
537
543
543
546
548
562
562
564
566
578
585
589
605
625
634
665
670
682
697
702
705
710
725
762
764
779
779
784
785
792
798
803
826
840
857
872
895
897
900
915
936
952
953
955
957
958
961
963
1003
1025
1030
1043
1050
1057
1060
1089
1091
1094
1096
1107
1117
1140
1161
1162
1164
1192
1229
1229
1240
1252
1252
1262
1263
1264
1265
1269
1278
1278
1294
1296
1299
1325
1331
1343
1344
1352
1356
1357
1376
1376
1382
1385
1385
1408
1413
1422
1435
1441
1447
1450
1456
1459
1480
1480
1488
1505
1518
1522
1523
1544
1561
1565
1569
1576
1580
1587
1626
1634
1638
1647
1658
1679
1689
1701
1713
1728
1730
1747
1753
1773
1773
1790
1794
1834
1834
1854
1862
1863
1871
1883
1904
1904
1918
1925
1926
1950
1952
1969
1974
1976
1982
1993
2013
2066
2075
2084
2102
2106
2120
2128
2132
2136
2143
2163
2167
2182
2193
2214
2238
2248
2256
2268
2270
2282
2290
2294
2297
2299
2338
2352
2360
2362
2365
2376
2389
2413
2436
2440
2448
2463
2468
2469
2492
2499
2499
2552
2555
2570
2579
2582
2591
2597
2619
2625
2628
2650
2707
2710
2742
2760
2763
2785
2792
2793
2795
2799
2810
2812
2819
2830
2832
2844
2847
2859
2870
2898
2904
2919
2921
2921
2924
2937
2942
2951
2962
2974
2986
2990
3014
3032
3039
3043
3061
3071
3079
3082
3082
3115
3122
3140
3145
3151
3152
3156
3157
3171
3179
3182
3201
3202
3211
3213
3220
3222
3226
3242
3243
3278
3278
3300
3310
3322
3328
3330
3337
3337
3360
3363
3398
3399
3403
3404
3407
3408
3435
3436
3445
3474
3478
3482
3495
3513
3516
3523
3543
3544
3576
3583
3585
3612
3612
3617
3646
3650
3654
3667
3667
3671
3688
3693
3694
3704
3713
3726
3731
3746
3748
3763
3786
3786
3790
3791
3814
3851
3851
3854
3857
3860
3888
3909
3910
3925
3942
3952
3956
3960
3970
3977
3978
3986
3997
3998
4003
4003
4003
4032
4033
4086
4092
4103
4104
4110
4114
4119
4124
4133
4146
4152
4152
4156
4157
4161
4163
4176
4187
4219
4227
4229
4230
4232
4233
4237
4244
4252
4277
4282
4289
4294
4298
4306
4311
4316
4321
4328
4338
4346
4348
4363
4368
4378
4382
4412
4416
4434
4435
4435
4437
4437
4444
4452
4465
4471
4477
4498
4515
4521
4537
4541
4545
4547
4547
4559
4562
4564
4565
4571
4578
4584
4604
4606
4619
4623
4678
4697
4698
4731
4743
4747
4767
4773
4774
4787
4789
4795
4798
4806
4815
4846
4849
4851
4883
4895
4898
4903
4909
4916
4920
4929
4938
4939
4959
4993
4993
4994
5024
5029
5065
5071
5087
5113
5116
5119
5125
5130
5140
5165
5166
5170
5180
5184
5190
5222
5232
5235
5245
5247
5257
5264
5281
5294
5296
5297
5303
5321
5330
5358
5366
5383
5383
5389
5401
5403
5440
5442
5457
5461
5463
5468
5471
5493
5506
5509
5523
5536
5545
5550
5560
5576
5643
5651
5657
5659
5663
5665
5665
5668
5679
5683
5685
5688
5693
5710
5735
5745
5753
5754
5756
5759
5766
5776
5784
5788
5799
5800
5808
5808
5811
5822
5828
5845
5848
5852
5854
5867
5870
5881
5886
5895
5952
5956
5958
5985
6007
6010
6032
6058
6059
6082
6099
6104
6113
6116
6127
6136
6136
6153
6171
6174
6182
6185
6188
6211
6236
6261
6262
6262
6265
6302
6316
6319
6339
6340
6357
6376
6376
6384
6386
6396
6397
6444
6454
6454
6474
6478
6488
6490
6504
6526
6544
6548
6553
6560
6565
6593
6595
6600
6601
6625
6630
6631
6658
6674
6679
6679
6713
6740
6744
6753
6757
6766
6773
6775
6801
6810
6822
6826
6833
6853
6856
6872
6906
6914
6914
6922
6941
6944
6947
6964
6973
6978
6997
7001
7021
7034
7038
7039
7051
7057
7059
7068
7075
7082
7086
7135
7139
7146
7164
7171
7186
7189
7210
7227
7238
7239
7259
7266
7271
7274
7277
7279
7280
7296
7306
7308
7326
7357
7358
7384
7404
7422
7436
7449
7451
7457
7460
7461
7471
7474
7476
7484
7490
7511
7514
7514
7543
7555
7582
7610
7617
7620
7622
7632
7636
7638
7655
7665
7684
7686
7705
7714
7715
7732
7745
7755
7770
7775
7785
7789
7809
7818
7821
7828
7828
7829
7840
7849
7858
7860
7871
7872
7880
7897
7903
7906
7910
7919
7919
7930
7941
7960
7968
7999
8011
8011
8062
8073
8092
8103
8103
8126
8132
8135
8136
8144
8165
8175
8179
8182
8184
8206
8209
8210
8214
8218
8224
8253
8258
8259
8277
8287
8294
8297
8301
8312
8329
8345
8355
8355
8368
8376
8385
8390
8391
8393
8412
8436
8439
8464
8483
8484
8538
8564
8573
8576
8588
8596
8599
8599
8604
8621
8625
8644
8669
8670
8679
8684
8685
8703
8713
8716
8724
8740
8742
8743
8758
8768
8773
8780
8795
8797
8813
8816
8837
8846
8847
8861
8868
8871
8885
8896
8897
8897
8902
8906
8920
8930
8936
8948
8954
8956
8957
8978
8984
9005
9010
9051
9063
9066
9081
9089
9101
9116
9119
9122
9131
9134
9156
9157
9171
9173
9176
9188
9192
9208
9226
9238
9257
9266
9274
9283
9315
9318
9318
9332
9350
9350
9352
9357
9362
9380
9383
9394
9398
9418
9423
9430
9437
9438
9458
9462
9485
9496
9500
9500
9516
9518
9532
9554
9554
9557
9559
9568
9572
9573
9579
9606
9631
9637
9637
9649
9658
9674
9678
9678
9678
9680
9700
9720
9724
9729
9737
9741
9744
9753
9765
9776
9794
9798
9801
9805
9807
9808
9820
9822
9827
9829
9830
9838
9840
9845
9846
9858
9868
9870
9883
9908
9925
9983
